ERR = 0.009205773168250922
ERR = 0.0006277300643781115
ERR = 6.742849645626578e-5
[log2(EE[1] / EE[2]) log2(EE[2] / EE[3]) log2(EE[3] / EE[4])] = [3.87432 3.21871 Inf]
